70 3 2
18 15 20 20
117 135 46 29 45 16 33 46 42 62 14 67 7 26 18 53 34 45 28 60 
78 139 44 125 4 23 54 18 14 49 2 48 26 24 48 42 90 136 64 58 
64 6 56 17 16 4 14 21 11 6 31 45 13 62 42 45 14 48 9 55 
46 54 53 60 34 15 70 49 46 48 21 69 159 38 23 13 51 59 31 11 
13 25 56 2 54 69 13 63 42 35 41 89 20 13 80 37 29 34 69 49 
52 49 47 0 33 36 33 42 34 15 22 39 7 129 82 31 98 89 27 18 
6 7 20 6 50 65 7 0 32 4 65 18 41 2 38 61 89 15 63 53 
64 38 63 33 152 28 9 35 25 112 93 7 18 38 39 18 46 7 23 64 
12 0 46 49 54 28 40 35 135 37 50 43 56 58 42 65 24 33 20 55 
45 19 47 101 68 51 22 19 64 2 22 60 5 0 40 26 13 0 63 48 
46 58 1 22 26 46 15 1 27 48 56 29 0 42 6 78 46 59 34 39 
53 6 60 1 43 1 13 46 6 90 68 24 33 42 13 0 41 29 11 3 
58 54 51 45 6 60 66 14 6 44 34 41 3 69 13 5 7 9 68 44 
58 68 19 20 69 68 19 8 18 24 31 47 46 69 6 0 49 7 14 9 
131 166 20 50 151 40 57 17 3 69 22 10 40 47 1 50 49 62 38 11 
26 27 32 55 23 19 18 0 24 137 58 43 14 1 41 48 58 102 9 54 
53 17 7 37 44 53 30 53 56 28 119 45 33 12 24 36 13 138 32 124 
137 144 73 125 121 67 34 25 67 1 33 11 29 49 34 28 12 52 41 90 
91 81 115 159 148 29 70 16 30 65 59 13 43 16 65 31 50 6 75 167 
110 140 150 111 166 62 23 45 43 15 15 42 23 27 1 57 23 12 163 138 
