53 6 1
40 7 10 50
109 56 149 43 31 18 20 75 47 52 24 26 5 12 44 47 51 42 37 19 107 79 146 99 90 86 61 106 144 57 64 106 80 102 152 153 11 12 139 60 134 119 63 93 95 143 136 69 113 126 
105 144 33 40 84 116 9 115 1 9 28 8 30 6 11 4 0 1 2 28 15 67 105 72 102 79 94 58 84 73 137 98 144 139 89 19 25 37 150 56 71 146 73 151 122 121 60 144 54 80 
26 45 14 34 43 41 16 98 40 13 95 73 21 14 22 33 31 47 33 140 21 8 46 114 133 96 143 108 66 102 117 113 66 111 88 2 34 13 50 32 1 1 154 93 127 126 99 107 66 149 
12 40 13 3 82 4 47 51 6 1 4 33 39 33 13 20 16 7 39 55 20 28 20 14 127 145 45 12 22 51 12 37 40 128 81 44 10 43 34 10 1 9 80 63 11 42 1 147 93 55 
38 3 115 154 52 22 147 4 50 20 50 33 25 145 109 44 6 69 62 55 96 97 45 20 37 27 15 2 32 28 9 12 32 112 135 21 35 52 59 150 35 30 11 16 17 108 32 133 148 87 
146 45 30 16 46 18 29 6 26 8 31 91 22 44 35 20 4 80 60 59 103 132 52 43 9 94 78 1 42 7 38 24 37 26 27 45 81 28 37 115 34 33 41 23 126 34 14 12 39 49 
124 12 141 5 0 4 28 30 20 24 41 30 14 33 144 133 109 137 79 134 83 77 57 55 17 1 115 72 82 30 38 2 19 8 59 84 65 59 33 51 3 91 98 48 13 29 2 39 57 10 
54 33 72 54 81 35 46 32 27 32 5 3 27 14 0 20 140 86 109 119 118 140 131 52 29 6 82 79 1 21 10 46 43 25 74 46 37 68 30 34 30 82 9 52 48 44 31 53 31 10 
42 36 31 53 143 43 43 72 16 19 14 1 7 27 25 48 139 76 153 88 81 91 10 13 123 71 9 43 25 85 22 35 50 33 20 19 29 29 35 115 38 35 22 141 92 128 38 33 24 8 
4 29 44 32 35 36 45 50 40 13 7 32 46 53 42 12 123 82 90 101 133 93 4 25 41 31 28 113 104 88 1 4 65 77 17 21 138 32 4 59 101 58 146 113 150 126 19 48 11 8 
