67 2 2
8 42 50 10
135 113 147 91 130 138 116 167 120 73 
85 102 134 110 146 120 90 124 78 93 
96 1 43 88 167 73 68 160 101 164 
51 15 138 140 135 126 163 76 121 140 
52 83 138 102 158 119 113 135 68 80 
3 83 148 77 94 122 130 119 151 147 
18 161 109 149 114 162 151 104 105 74 
23 108 124 117 165 157 155 95 120 134 
11 56 64 16 46 57 138 129 37 8 
57 11 81 156 2 59 46 16 52 3 
104 93 123 2 51 132 61 49 17 44 
165 80 44 53 117 59 19 94 16 2 
74 151 5 19 114 63 34 12 59 35 
161 149 104 20 117 69 104 23 25 61 
70 149 84 40 28 44 51 11 12 59 
70 160 155 158 27 2 14 13 87 45 
154 155 58 29 33 34 37 23 31 11 
114 127 29 42 158 62 14 56 132 160 
151 0 7 4 166 49 13 44 57 93 
79 28 150 8 17 87 53 96 30 66 
69 45 112 50 21 81 60 94 66 0 
98 58 37 16 19 56 30 92 17 18 
115 104 31 23 70 18 5 31 60 55 
69 90 165 162 103 141 79 66 78 142 
87 165 167 152 160 113 77 7 103 159 
72 84 162 155 96 155 94 24 88 88 
115 128 125 83 106 25 37 25 40 113 
158 90 80 75 98 62 62 43 18 108 
140 162 68 74 130 8 148 95 101 131 
87 151 142 79 11 29 146 102 92 161 
92 156 85 154 7 40 138 73 157 142 
165 164 136 110 152 26 61 3 139 83 
88 93 69 69 141 86 152 47 146 167 
147 122 109 132 94 105 99 7 38 85 
133 155 117 160 153 104 126 155 23 129 
133 124 103 133 70 138 51 35 3 93 
91 122 99 124 2 11 13 143 104 168 
166 141 157 135 58 123 86 118 81 134 
113 149 134 72 58 34 135 130 143 128 
131 76 90 93 7 52 129 75 154 117 
164 106 118 119 33 133 120 146 119 104 
90 141 153 67 19 115 143 138 74 159 
167 147 122 46 55 43 81 139 38 67 
153 91 138 47 29 8 28 121 116 40 
135 136 139 89 90 164 63 54 45 47 
158 117 167 121 155 128 107 86 166 161 
150 159 72 145 74 82 160 121 114 98 
82 137 94 110 83 102 93 82 154 115 
100 101 83 109 84 133 77 157 129 162 
127 68 129 129 161 79 139 141 160 82 
