10 100
1 29 24 0
2 46 42 0
3 31 5 0
4 23 98 2
5 43 66 0
6 18 89 4
7 30 74 1
8 16 50 0
9 17 59 7
10 26 32 7
11 53 14 8
12 45 75 2
13 38 44 0
14 21 27 4
15 41 12 0
16 27 39 0
17 52 61 0
18 18 39 0
19 39 30 2
20 33 38 0
21 46 70 3
22 39 22 16
23 27 97 7
24 43 53 18
25 46 33 5
26 24 85 14
27 23 36 0
28 50 70 0
29 19 80 14
30 33 10 5
31 10 27 22
32 12 56 0
33 21 31 0
34 39 78 12
35 40 73 24
36 41 83 0
37 18 55 14
38 29 44 0
39 36 74 25
40 25 28 0
41 19 83 0
42 34 63 36
43 18 73 0
44 21 54 0
45 32 16 0
46 9 6 33
47 35 51 0
48 21 4 0
49 29 40 0
50 40 39 0
51 22 79 13
52 28 74 10
53 35 75 9
54 41 86 0
55 34 55 0
56 26 49 0
57 30 33 0
58 41 26 0
59 43 90 6
60 26 22 10
61 19 59 30
62 15 3 0
63 26 97 27
64 37 3 0
65 35 62 33
66 22 39 61
67 27 55 0
68 31 88 30
69 25 63 0
70 26 66 2
71 27 73 37
72 19 24 14
73 50 69 0
74 48 97 29
75 45 30 0
76 33 4 35
77 47 89 10
78 25 33 0
79 28 82 3
80 37 49 0
81 34 61 39
82 30 23 0
83 23 65 0
84 57 57 41
85 35 3 4
86 26 41 70
87 40 11 65
88 34 91 19
89 29 45 0
90 15 11 0
91 27 36 0
92 37 87 0
93 28 54 0
94 34 59 0
95 47 53 0
96 37 66 0
97 26 32 74
98 30 74 0
99 41 41 0
100 39 27 0
