100 11.00
233434339 858512.20
233434340 527157.00
233434341 39332.40
233434342 790197.50
233434343 104084.20
233434344 143053.10
233434345 878495.20
233434346 925971.80
233434347 117005.40
233434348 934737.20
233434349 102114.30
233434350 526672.80
233434351 997158.60
233434352 462537.60
233434353 271821.60
233434354 487775.40
233434355 598913.30
233434356 184725.80
233434357 250972.20
233434358 82887.80
233434359 176218.90
233434360 730043.40
233434361 104389.70
233434362 589590.10
233434363 441908.40
233434364 849723.30
233434365 938813.00
233434366 513735.90
233434367 850776.50
233434368 254753.80
233434369 237259.20
233434370 433093.00
233434371 612184.90
233434372 269819.50
233434373 908099.10
233434374 558100.20
233434375 975288.70
233434376 276872.80
233434377 893440.10
233434378 620616.80
233434379 756562.40
233434380 119619.50
233434381 366373.20
233434382 909258.90
233434383 213640.40
233434384 970146.40
233434385 225226.10
233434386 985288.40
233434387 613596.10
233434388 113924.90
233434389 259699.10
233434390 605738.50
233434391 718564.40
233434392 658397.20
233434393 882210.10
233434394 967983.60
233434395 356325.00
233434396 214245.10
233434397 859069.30
233434398 263384.30
233434399 993553.40
233434400 766995.40
233434401 622901.70
233434402 281741.90
233434403 76094.40
233434404 842288.20
233434405 294559.80
233434405 77739.30
233434405 499372.00
233434405 369206.30
233434405 971468.00
233434405 272002.50
233434405 449895.60
233434405 343873.40
233434405 783979.20
233434405 884846.90
233434405 774599.80
233434405 539216.40
233434405 527833.70
233434405 918835.60
233434405 460280.80
233434405 441459.50
233434405 487461.20
233434405 546064.00
233434405 207901.10
233434405 711703.20
233434405 791156.80
233434405 848400.40
233434405 600167.10
233434405 232709.40
233434405 252677.40
233434405 58497.80
233434405 912504.80
233434405 688206.60
233434405 569771.30
233434405 180862.40
233434405 719424.60
233434405 650.90
233434405 799553.70
233434405 242678.50
