20 65
0 3 40
0 5 75
0 6 48
1 2 32
1 4 32
1 5 71
2 4 40
2 5 45
3 6 22
3 7 57
3 8 73
3 9 71
3 10 75
4 5 56
5 6 72
5 8 51
5 9 79
6 7 65
6 8 51
6 9 50
6 10 56
7 10 82
7 11 48
7 12 64
8 9 28
8 10 40
9 10 11
9 11 73
9 13 67
10 11 64
10 12 75
10 13 56
11 12 17
11 13 40
11 14 51
11 15 56
11 16 58
11 17 75
12 13 35
12 14 35
12 15 43
12 16 40
12 17 58
12 18 75
12 19 80
13 14 64
13 15 28
13 16 46
13 17 62
13 18 56
13 19 75
14 15 53
14 16 33
14 17 43
14 18 79
14 19 68
15 16 24
15 17 35
15 18 32
15 19 46
16 18 45
16 19 40
17 18 43
17 19 25
18 19 32
28 7 0 2