30 68
0 2 32
0 3 48
1 4 50
1 5 65
2 3 22
2 7 60
3 5 68
3 7 40
3 8 56
4 5 35
4 8 64
4 9 50
4 12 71
5 7 58
5 8 28
5 9 57
5 13 56
6 10 25
6 11 51
7 8 32
8 9 73
8 13 51
9 12 22
9 13 46
9 14 68
10 11 48
11 14 35
11 18 65
12 13 56
12 14 48
12 16 68
12 17 68
12 19 71
13 15 40
13 16 50
13 19 60
14 17 48
14 18 50
15 16 25
15 19 35
15 21 67
16 19 11
16 21 46
17 18 24
17 19 72
17 20 51
17 21 68
18 20 35
20 22 46
21 23 48
22 24 40
22 25 56
22 26 64
22 27 71
24 25 45
24 26 46
24 27 40
24 28 56
25 26 11
25 27 32
25 28 33
25 29 32
26 27 24
26 28 22
26 29 28
27 28 17
27 29 46
28 29 32
25 4 7 16