30 91
0 2 22
0 3 43
0 11 80
1 4 32
1 5 64
1 7 40
1 8 46
1 11 79
2 3 40
2 11 80
2 13 80
3 7 80
3 11 40
3 12 67
3 13 60
3 15 83
4 5 48
4 7 17
4 8 17
4 11 68
4 12 67
4 14 64
4 16 81
5 6 72
5 7 64
5 8 32
5 9 56
5 14 58
6 9 17
6 10 28
7 8 32
7 11 50
7 12 51
7 14 67
7 16 78
7 17 83
8 11 81
8 12 75
8 14 50
8 16 72
9 10 40
11 12 28
11 13 64
11 15 79
11 17 68
12 13 72
12 14 80
12 15 78
12 16 71
12 17 40
13 15 24
13 18 68
14 16 28
14 17 78
14 19 64
15 17 80
15 18 46
16 17 56
16 19 40
16 20 80
17 18 64
17 19 71
17 23 65
18 23 51
19 20 56
19 21 68
19 24 48
19 25 64
19 26 60
20 21 17
20 22 35
20 24 68
20 26 57
21 22 24
21 24 68
21 26 51
21 27 75
22 26 71
23 24 81
23 25 53
24 25 32
24 26 25
24 27 62
25 26 56
25 27 82
26 27 43
26 28 81
26 29 83
27 28 40
27 29 40
28 29 8
28 27 14 5