300 299
0 1 231
1 2 234
2 3 233
3 4 231
4 5 235
5 6 231
6 7 234
7 8 230
8 9 233
9 10 231
10 11 232
11 12 231
12 13 232
13 14 231
14 15 235
15 16 234
16 17 230
17 18 230
18 19 234
19 20 234
20 21 235
21 22 232
22 23 233
23 24 233
24 25 232
25 26 232
26 27 232
27 28 231
28 29 231
29 30 231
30 31 235
31 32 230
32 33 230
33 34 230
34 35 235
35 36 233
36 37 231
37 38 234
38 39 231
39 40 234
40 41 233
41 42 233
42 43 233
43 44 235
44 45 232
45 46 231
46 47 232
47 48 232
48 49 235
49 50 230
50 51 235
51 52 234
52 53 231
53 54 232
54 55 232
55 56 233
56 57 232
57 58 232
58 59 234
59 60 231
60 61 233
61 62 233
62 63 232
63 64 233
64 65 232
65 66 235
66 67 234
67 68 233
68 69 231
69 70 235
70 71 230
71 72 233
72 73 230
73 74 233
74 75 232
75 76 233
76 77 232
77 78 232
78 79 233
79 80 232
80 81 231
81 82 230
82 83 230
83 84 232
84 85 232
85 86 230
86 87 233
87 88 235
88 89 232
89 90 231
90 91 230
91 92 230
92 93 232
93 94 230
94 95 231
95 96 234
96 97 234
97 98 230
98 99 230
99 100 235
100 101 233
101 102 234
102 103 232
103 104 234
104 105 235
105 106 233
106 107 235
107 108 232
108 109 233
109 110 230
110 111 234
111 112 232
112 113 231
113 114 232
114 115 232
115 116 231
116 117 233
117 118 235
118 119 234
119 120 235
120 121 234
121 122 233
122 123 233
123 124 231
124 125 233
125 126 235
126 127 233
127 128 235
128 129 233
129 130 231
130 131 233
131 132 234
132 133 235
133 134 233
134 135 230
135 136 235
136 137 234
137 138 235
138 139 235
139 140 232
140 141 234
141 142 233
142 143 232
143 144 235
144 145 233
145 146 235
146 147 230
147 148 230
148 149 234
149 150 235
150 151 234
151 152 233
152 153 230
153 154 235
154 155 232
155 156 231
156 157 232
157 158 233
158 159 231
159 160 235
160 161 235
161 162 234
162 163 232
163 164 232
164 165 231
165 166 232
166 167 231
167 168 234
168 169 232
169 170 234
170 171 230
171 172 234
172 173 235
173 174 232
174 175 233
175 176 233
176 177 235
177 178 231
178 179 233
179 180 234
180 181 234
181 182 235
182 183 235
183 184 234
184 185 235
185 186 235
186 187 230
187 188 231
188 189 232
189 190 231
190 191 235
191 192 231
192 193 233
193 194 231
194 195 232
195 196 232
196 197 233
197 198 233
198 199 230
199 200 233
200 201 232
201 202 234
202 203 231
203 204 231
204 205 235
205 206 232
206 207 232
207 208 234
208 209 234
209 210 234
210 211 230
211 212 230
212 213 233
213 214 233
214 215 235
215 216 230
216 217 232
217 218 233
218 219 230
219 220 235
220 221 232
221 222 235
222 223 234
223 224 235
224 225 234
225 226 230
226 227 235
227 228 235
228 229 232
229 230 234
230 231 233
231 232 232
232 233 230
233 234 232
234 235 231
235 236 233
236 237 233
237 238 234
238 239 232
239 240 235
240 241 232
241 242 230
242 243 235
243 244 233
244 245 234
245 246 232
246 247 234
247 248 234
248 249 235
249 250 234
250 251 233
251 252 231
252 253 231
253 254 230
254 255 234
255 256 235
256 257 230
257 258 232
258 259 234
259 260 230
260 261 230
261 262 235
262 263 232
263 264 234
264 265 230
265 266 232
266 267 232
267 268 233
268 269 230
269 270 232
270 271 230
271 272 230
272 273 232
273 274 235
274 275 233
275 276 234
276 277 232
277 278 235
278 279 233
279 280 235
280 281 233
281 282 234
282 283 231
283 284 232
284 285 234
285 286 233
286 287 231
287 288 235
288 289 235
289 290 234
290 291 233
291 292 233
292 293 231
293 294 230
294 295 232
295 296 231
296 297 232
297 298 232
298 299 232
120 0 149 299